66.724426
66.738960
66.778152
66.896622
66.902924
66.916267
66.998268
67.051796
67.107895
67.109573
67.112732
67.127365
67.222023
67.243530
67.254234
67.311813
67.313232
67.328537
67.339302
67.406059
67.430115
67.461594
67.474625
67.482262
67.503319
67.542542
67.605217
67.621857
67.662163
67.669113
67.689209
67.712639
67.713669
67.735085
67.736404
67.736862
67.766823
67.785225
67.789780
67.789970
67.796776
67.797874
67.804230
67.810493
67.820007
67.842957
67.851372
67.862823
67.868607
67.872246
67.901779
67.916336
67.916374
67.926971
67.930168
67.933472
67.939171
67.952255
67.954811
67.959900
67.975525
67.978355
67.983040
67.983109
67.986343
67.995361
67.999252
68.014992
68.049210
70.586441
70.608421
70.707726
70.744804
71.598373
71.610901
71.613533
71.619469
71.670708
71.710518
71.803307
71.831314
74.083633
74.231689
74.249252
198.201721
198.544022
198.973740
199.161682
199.474808
199.713608
201.982391
205.069031
207.583313
208.033218
208.228455
208.701645
